0.166667 0 0.05 0.05 0 0 0.0833333 0.333333 0 0.1 0.05 0.0714286 0 0 0.166667 0.166667 0 0.166667 0.05 0.166667 0 0.133333 0.0833333 0 0.15 0 0.05 0.166667 0 0.05 0.5 0.166667 0.05 0.0714286 0.1 0 0.05 0 0.1 0.047619 
0.166667 0 0.05 0.05 0 0 0.0833333 0.333333 0 0.1 0.05 0.0714286 0 0 0.166667 0.166667 0 0.166667 0.05 0.166667 0 0.133333 0.0833333 0 0.15 0 0.05 0.166667 0 0.05 0.5 0.166667 0.05 0.0714286 0.1 0 0.05 0 0.1 0.047619 
0.166667 0 0.05 0.05 0 0 0.0833333 0.333333 0 0.1 0.05 0.0714286 0 0 0.166667 0.166667 0 0.166667 0.05 0.166667 0 0.133333 0.0833333 0 0.15 0 0.05 0.166667 0 0.05 0.5 0.166667 0.05 0.0714286 0.1 0 0.05 0 0.1 0.047619 
0.166667 0 0.05 0.05 0 0 0.0833333 0.333333 0 0.1 0.05 0.0714286 0 0 0.166667 0.166667 0 0.166667 0.05 0.166667 0 0.133333 0.0833333 0 0.15 0 0.05 0.166667 0 0.05 0.5 0.166667 0.05 0.0714286 0.1 0 0.05 0 0.1 0.047619 
0.166667 0 0.05 0.05 0 0 0.0833333 0.333333 0 0.1 0.05 0.0714286 0 0 0.166667 0.166667 0 0.166667 0.05 0.166667 0 0.133333 0.0833333 0 0.15 0 0.05 0.166667 0 0.05 0.5 0.166667 0.05 0.0714286 0.1 0 0.05 0 0.1 0.047619 
0.166667 0 0.05 0.05 0 0 0.0833333 0.333333 0 0.1 0.05 0.0714286 0 0 0.166667 0.166667 0 0.166667 0.05 0.166667 0 0.133333 0.0833333 0 0.15 0 0.05 0.166667 0 0.05 0.5 0.166667 0.05 0.0714286 0.1 0 0.05 0 0.1 0.047619 
0.166667 0 0.05 0.05 0 0 0.0833333 0.333333 0 0.1 0.05 0.0714286 0 0 0.166667 0.166667 0 0.166667 0.05 0.166667 0 0.133333 0.0833333 0 0.15 0 0.05 0.166667 0 0.05 0.5 0.166667 0.05 0.0714286 0.1 0 0.05 0 0.1 0.047619 
0.166667 0 0.05 0.05 0 0 0.0833333 0.333333 0 0.1 0.05 0.0714286 0 0 0.166667 0.166667 0 0.166667 0.05 0.166667 0 0.133333 0.0833333 0 0.15 0 0.05 0.166667 0 0.05 0.5 0.166667 0.05 0.0714286 0.1 0 0.05 0 0.1 0.047619 
0.166667 0 0.05 0.05 0 0 0.0833333 0.333333 0 0.1 0.05 0.0714286 0 0 0.166667 0.166667 0 0.166667 0.05 0.166667 0 0.133333 0.0833333 0 0.15 0 0.05 0.166667 0 0.05 0.5 0.166667 0.05 0.0714286 0.1 0 0.05 0 0.1 0.047619 
0.166667 0 0.05 0.05 0 0 0.0833333 0.333333 0 0.1 0.05 0.0714286 0 0 0.166667 0.166667 0 0.166667 0.05 0.166667 0 0.133333 0.0833333 0 0.15 0 0.05 0.166667 0 0.05 0.5 0.166667 0.05 0.0714286 0.1 0 0.05 0 0.1 0.047619 
